[-0.09096029  0.05459688 -0.07231642 -0.02827468 -0.02071016 -0.03316567
  0.00225862 -0.10285112  0.21321918 -0.05259959  0.2169241   0.05087788
 -0.20377293 -0.13718238 -0.00129174  0.10550268 -0.10994563 -0.0905235
 -0.07743157 -0.03084692  0.02827624 -0.00092352  0.06702188  0.11922827
 -0.06096005 -0.27056843 -0.11219259 -0.15342666  0.04246072 -0.10492498
 -0.05832604  0.03320483 -0.19125813 -0.11116178  0.02105315  0.01859997
 -0.02314126 -0.05216854  0.28862923  0.07102607 -0.09441753 -0.11689594
  0.03018647  0.26365378  0.15482597 -0.05241112  0.01378317 -0.00693232
  0.12149667 -0.23420335  0.03114717  0.10543551  0.18972078  0.08108525
  0.10334038 -0.13282423  0.05372734  0.13924615 -0.2115335   0.06569433
 -0.0348772  -0.07526076 -0.05339222  0.0224119   0.30051968  0.12854815
 -0.07581971 -0.08449357  0.17859447 -0.08841031  0.01172016  0.09312094
 -0.10564671 -0.20537741 -0.18692432  0.05623135  0.37158954  0.16834225
 -0.19789787  0.05124006 -0.14773746 -0.09904988  0.06194513  0.01271256
 -0.05494443  0.03658788 -0.07056618  0.03663062  0.16166928 -0.00037869
 -0.00395951  0.2290801  -0.0060784   0.0452049   0.06893144 -0.03089854
 -0.02227636 -0.01115642 -0.10904677  0.01419799  0.02424427 -0.10504889
  0.05282649  0.03348451 -0.17171796  0.02390266  0.04531666 -0.06581812
 -0.03220544 -0.01327171 -0.12978131 -0.04618856  0.11410149 -0.30016166
  0.2357021   0.08169127 -0.03122433  0.14965661 -0.03414414  0.07282581
  0.00583841 -0.09055001 -0.06665553 -0.03109004  0.11271083 -0.00432039
  0.05329544 -0.02030296]